FramewiseDisplacement
7.549558348610000413e-01
2.824828407501639438e-01
1.439323966717027115e-01
5.216085453244461156e-01
2.503118453804777932e-01
2.150188285061469529e-01
2.126144027937112713e-01
1.435940505453775773e-01
2.956384916404494190e-01
3.352875574908483203e-01
1.317128790515245673e-01
2.559395253114962188e-01
1.886283155162826186e-01
3.147259036171734525e-01
4.129362252554646395e-01
1.137924732744239054e-01
2.985639587152499885e-01
3.974992573572018739e-01
1.333986217719376477e-01
2.474182849062400991e-01
2.976403599396517663e-01
2.106469985083052887e-01
1.664334303427495443e-01
3.725432083811337503e-01
5.042674962707632824e-01
4.450707812546181863e-01
2.560825881785056546e-01
5.031880475619882054e-01
4.947758425523181014e-01
2.103753675533548695e-01
2.774771823237901502e-01
2.709024503556994867e-01
3.592672436991049545e-01
2.133288055874225375e-01
4.318210798189550115e-01
4.210770752662562066e-01
1.206856891916460589e-01
2.984645943005142521e-01
4.188996938995746544e-01
1.726812634792103396e-01
9.574783313646079153e-02
2.417631240870944942e-01
3.704040125544764694e-01
4.499230936322817231e-01
3.706542191334561420e-01
2.108970445009839545e-01
1.829731011683700947e-01
4.622529864195179528e-01
4.409788900366914954e-01
1.811575191894877479e-01
1.195403599396516747e-01
7.247371518689774694e-01
3.664977720716054432e-01
3.266557964044097817e-01
2.339928178314395202e-01
1.784099235525085092e-01
2.906915851175014276e-01
2.166653369433124143e-01
3.118025038844664532e-01
5.754921136452315761e-02
3.355623814442963426e-01
3.694316005001375691e-01
1.336233997327070100e-01
1.704724655831057756e-01
5.055635071007004155e-01
2.476131165510061516e-01
2.666483232076006793e-01
1.252585528605345000e-01
1.103916386462684418e-01
2.482818070791171783e-01
3.136241808320955338e-01
2.246994564000930894e-01
2.028150383789754652e-01
1.167116463375865443e-01
1.540463093942741335e-01
1.486063859969952994e-01
3.150737902824012338e-01
2.011671517137477161e-01
1.715250689890179814e-01
2.329475805648025255e-01
2.822107581806640453e-01
2.382583002888762624e-01
6.422696940548044964e-01
4.606060798965699865e-01
1.845609112308766175e-01
1.537964089157198011e-01
3.144966464152013086e-01
2.272542191334560868e-01
2.391597320457055642e-01
1.921376570122939609e-01
2.073948316447661311e-01
1.885279174305000971e-01
2.115755130674791540e-01
2.624506815779428237e-01
1.883945406165175029e-01
1.980031929984976957e-01
1.625354441560760421e-01
3.021355896702003774e-01
2.808236907609555355e-01
2.681039740978861108e-01
1.593500459926786572e-01
1.197559954473010058e-01
2.132077642250576888e-01
3.062544181763474094e-01
1.979900613753147742e-01
1.218488668075075332e-01
4.329486142358493495e-01
3.180466539512897262e-01
4.819018147704353106e-01
2.650776723949300751e-01
1.323575191894877379e-01
2.232196631343024151e-01
1.677140582366956068e-01
3.678830782496456675e-01
2.725693110411985809e-01
9.312934918732940215e-02
1.647085988532132061e-01
2.878079097391819108e-01
2.431021057986838263e-01
9.271218993749337500e-02
3.618399083251021553e-01
4.378345409269769895e-01
1.163731546971370351e-01
2.417394717827291983e-01
2.915043186549016729e-01
1.520811179650860268e-01
2.158366233412471469e-01
5.234199006337841853e-01
2.164353906273090988e-01
1.150096325242599415e-01
1.436548162621299751e-01
1.970084533390888959e-01
5.624382775253814470e-01
2.260608577021096244e-01
2.627688744988256331e-01
1.929919832032840621e-01
2.767756050528364931e-01
2.687878485190969835e-01
1.176515697348654022e-01
1.485724655831057728e-01
7.565378259108318515e-02
2.598927107739055775e-01
2.300969909722170303e-01
1.446804288510548098e-01
1.807680398706700831e-01
2.106408500107915527e-01
3.896853830912208050e-01
2.948500844492689676e-01
1.480493568786475367e-01
1.568860337486616685e-01
2.262634686441101217e-01
2.600528944341606308e-01
1.568620904160477891e-01
2.858224580470175580e-01
3.802608041733426258e-01
2.759827872213970745e-01
2.290744793964324399e-01
1.903294947014537164e-01
2.554673507566390112e-01
2.213744793964324276e-01
8.562182698340634612e-01
3.266136601509130877e-01
2.232115008234622222e-01
2.731568300754565470e-01
2.994436984522736434e-01
2.703576647036120550e-01
9.093834612632517578e-02
7.685565089028544017e-02
1.575276264022515138e-01
2.595238898038468855e-01
2.570289511015468320e-01
1.098865238198015459e-01
1.044020138133265746e-01
2.189430628670095136e-01
1.601360797413402814e-01
1.695568300754565216e-01
7.372900463031384355e-02
2.020784150377281929e-01
3.965839128778010925e-01
2.830663170855922117e-01
3.535337213709980886e-01
8.482782544514269607e-02
2.728381470834338463e-01
3.952921287174083753e-01
7.099149313214421497e-02
1.852356431989674035e-01
4.138571211037053166e-01
2.726352451131848209e-01
7.303190660056280148e-02
2.307845100064750132e-01
3.193863783056771766e-01
7.083869068334072705e-02
2.856449311662117019e-01
9.125415240526462135e-01
5.289556358181088935e-01
4.324041731407774480e-01
3.923268837594532932e-01
6.759181627765293854e-01
5.448939284156668617e-01
4.401883385902368162e-01
5.315309113861064194e-01
4.387264321449036442e-01
3.027973890579995775e-01
1.592330857857339188e-01
3.199010721276370761e-01
2.314156739642395932e-01
3.507389817115893482e-01
2.324807734080704125e-01
2.682220215046446365e-01
2.678211333477221734e-01
2.599029939556063429e-01
1.119619449019235019e-01
2.176612942444824672e-01
9.740230484157511026e-02
1.792485222504919540e-01
1.674458193231341263e-01
1.053454747661186908e-01
2.610594794740472846e-01
2.040817535503502145e-01
1.705964089157197550e-01
2.251440965380563375e-01
7.774360646691637344e-02
6.081625654150109028e-01
4.001385300970397019e-01
2.887400153826361615e-01
3.882715238974163707e-01
1.649616003449078383e-01
3.041978791291393702e-01
1.347254135460335400e-01
1.328466539512897504e-01
3.206705972839035135e-01
2.347719219831989890e-01
2.767670061996234110e-01
1.320818070791172361e-01
2.772100690666328693e-01
3.781046096831502945e-01
2.506972820004655378e-01
2.614898623324234950e-01
4.123360797413402890e-01
3.015493953352377798e-01
2.699083078249644441e-01
5.201278103729660707e-01
3.366239282604371330e-01
3.418623814442963704e-01
2.875294411726866950e-01
3.578008195559787552e-01
3.719217154042193663e-01
1.819189740202712402e-01
5.434803217935210012e-02
1.905726110972301435e-01
3.645255055313909032e-01
3.518709802975095724e-01
3.023790506229924180e-01
2.137612557878922903e-01
6.608554367752171588e-02
6.126501229058592957e-01
3.586626189437780443e-01
1.983529479629277392e-01
1.919113017805708921e-01
3.733932543738123222e-01
2.302347550420449640e-01
8.304409653805625013e-02
6.001940354732008265e-01
2.780788515801012606e-01
3.100776723949300595e-01
1.890357351843247047e-01
8.610402762665310405e-02
6.225379329683659035e-01
5.611350309981169016e-01
1.313611102737679559e-01
2.549856356628789622e-01
3.636828792067542948e-01
4.222359342272160032e-01
1.247860337486616511e-01
1.041128553015764124e+00
3.334359726838063143e-01
1.858378025264182387e-01
5.204464398362217414e-01
4.272884841043611548e-01
2.714481241647093701e-01
3.241493568786475432e-01
1.233512251778497298e-01
7.223561643458389359e-01
2.517999764052815337e+00
9.561829945765252248e-01
7.301146252210162224e-01
6.100456052080662772e-01
1.676068760681350966e-01
2.384380015693096100e-01
4.833342498987283631e-01
6.839374813538163789e-01
1.769685299418100877e-01
1.039605666738611239e-01
4.011783079801942153e-01
4.317938899590765267e-01
1.600108117094309890e-01
1.353159265358979679e-01
1.173890812330349726e-01
3.383701456693539722e-01
3.630581012459849766e-01
1.773984227290463511e-01
1.213069295969021466e-01
2.944430628670094419e-01
2.261279709592670106e-01
1.050290046303138380e-01
9.071253449450897288e-02
2.704292956585623853e-01
3.050242343608624562e-01
1.616250689890179615e-01
1.299977336150151819e-01
2.056533845053006293e-01
2.084366617978375413e-01
2.284970445009838758e-01
6.288848930200807708e-01
4.506034304979791294e-01
1.728244334037537522e-01
4.310459113084916249e-01
4.727748624100382990e-01
1.931033385126219581e-01
6.167944720155736915e-01
5.879579941884509608e-01
2.537046632119173140e-01
8.217212102609035285e-02
2.348992573572017961e-01
6.783874888899046329e-01
4.561700386118199280e-01
1.743118453804777535e-01
3.620496479068960882e-01
2.813160185212552622e-01
1.543816080362259702e-01
2.561211333477221297e-01
2.838374579694026290e-01
3.320324886570600875e-01
3.218852911058633914e-01
1.496291501444380612e-01
2.750350460702934985e-01
3.873442420521805429e-01
1.238953752446730339e-01
2.088425727958695688e-01
5.599757505669609170e-01
2.277026493985907785e-01
7.351625269584207700e-01
3.136046632119173228e-01
2.463585528605344577e-01
3.115108117094309015e-01
2.282880475619882554e-01
1.222177948351002158e-01
7.793052837250047382e-02
6.113156204354729811e-02
9.228249619314836394e-02
1.046716309549503010e-01
8.396076571675245570e-02
5.530117918517104408e-02
1.181474885794452367e-01
2.177814089933346742e-01
4.126239817892042860e-01
1.192998009571086954e-01
2.845999464712329341e-01
1.568133691226645532e-01
2.873870138909414562e-01
3.344814089933345613e-01
8.198928027592625178e-02
1.144107443052455597e+00
3.819378409830084808e-01
4.494781624660700858e-01
1.071379418564421648e+00
5.725863097047334538e-01
5.576453677085846383e-01
1.591544717051143476e-01
1.657627260013119219e-01
7.730026727830043853e-01
7.550653067989590017e-01
4.603491043069891098e-01
1.396349540849362025e-01
9.265706741970841653e-01
5.291369528260860822e-01
4.821944335589835595e-01
2.482589894029073874e-01
3.464069680534925810e-01
4.444237827463128898e-01
3.840886831472524188e-01
2.981274273593602087e-01
8.669232776029960064e-02
5.759928027592627897e-01
5.563572130890623857e-01
1.437346095279205538e-01
4.501606051304514744e-01
5.445944720155738716e-01
1.454512251778498078e-01
4.399922207027657794e-01
4.991174352059080666e-01
1.195882466048794196e-01
1.986097780383842826e-01
4.786250539168412921e-01
4.449880860185784215e-01
1.077851991205060755e-01
1.284269372882202442e-01
1.360860337486616833e-01
5.274198471050172143e-01
2.081739357965255721e-01
1.546895713041748499e-01
2.064461103513827722e-01
1.934625804871876187e-01
3.809880860185785867e-01
2.874071670963838088e-01
4.277409955249160123e-01
1.030030949842696719e+00
5.844873433757802328e-01
4.621918761457500802e-01
1.929308729295160785e-01
5.613362637120549170e-01
4.150648317999958703e-01
3.969460568226157449e-01
8.561710572106898121e-02
9.098545486182949560e-01
3.529287520586554816e-01
2.238264472170802821e-01
3.076250689890179801e-01
6.499694565553227887e-01
3.627193570338772544e-01
2.722396708256204501e-01
1.485357887130916987e-01
2.696766387238833662e-01
7.330010570554603699e-01
4.832685148696332922e-01
1.107063859969952407e-01
3.880235837034216040e-01
4.914999313990562890e-01
9.498111796508600102e-02
3.421681318560272911e-01
3.275856356628790711e-01
1.659778714378213060e-01
1.731328867428427454e-01
1.483204977624578980e-01
3.195430093382424230e-01
3.601672972278719409e-01
2.155497014356630991e-01
4.242836603061428402e-01
3.732916771028588210e-01
1.081144027937111785e-01
1.332744793964324992e-01
3.509494488640048093e-01
3.619026878551810933e-01
1.720155284501152793e-01
3.687679863419030535e-01
4.012216769476290024e-01
6.273479786505851141e-01
4.396698011123383321e-01
2.930225115757845167e-01
2.929955207587972565e-01
6.384907889459362496e-01
4.131188134339702778e-01
1.981236907609557341e-01
2.063044641690259529e-01
1.324797397370235941e-01
2.370085988532132371e-01
3.685795406941322350e-01
7.988519912050619232e-02
4.544373509118685983e-01
2.967205897478153442e-01
2.245038285837618885e-01
1.459586983746588296e-01
1.215130245656488861e-01
4.219184304203643654e-01
5.092378945117755906e-01
9.346887449882564092e-02
4.996627644579021976e-01
4.910471824790198503e-01
1.232021593274508914e-01
3.648482696788336588e-01
3.879127184652236271e-01
1.710411945678072532e-01
4.850821365639561011e-01
2.115101225953998632e-01
1.544115008234621944e-01
1.113147473507267726e-01
1.035301838154847887e-01
2.249196096055354199e-01
3.960662100280581965e-01
9.593392041388948410e-02
1.941241808320955109e-01
4.374057353395544578e-01
3.189315469713707163e-01
1.461074196680420545e-01
1.751526953912695417e-01
2.144523508342537632e-01
2.011099770812754539e-01
4.580208807760637879e-01
2.442440430092892023e-01
4.414014166846526588e-01
4.108262866307794692e-01
3.887086373098034842e-01
2.970328867428427277e-01
7.581112331796271420e-01
4.362938364303096672e-01
3.005768377667745184e-01
1.583028484414820691e-01
3.404358806984489894e-01
3.972721594826806868e-01
2.382090889243530518e-01
1.660768377667745932e-01
3.282666616426077044e-01
7.314711107394571421e-01
4.909428487519414963e-01
2.949151838930998415e-01
1.163965544298440069e-01
2.497191195343956005e-01
2.695303293296091307e-01
3.049090889243529778e-01
4.229333768139826311e-01
2.358182849062401276e-01
3.146077106962907877e-01
1.812524043630207304e-01
2.491600230739541566e-01
1.797665161284834334e-01
1.703357351843246825e-01
6.522900463031386376e-02
1.807641042293743339e-01
1.843031929984977335e-01
3.712841503772827401e-01
1.587643032722655112e-01
1.516817535503502123e-01
6.879994647123303941e-02
2.238901149040818106e-01
1.342279709592671122e-01
4.266111027376796594e-01
2.248546172192389114e-01
3.028899158611903508e-01
3.642768377667746083e-01
4.317008195559787764e-01
3.022547627333629361e-01
4.306815545074589857e-01
2.916605666738611990e-01
1.193714319120591644e-01
3.626389817115895364e-01
3.458254135460335776e-01
9.489571980168862164e-02
2.555384916404494500e-01
