FramewiseDisplacement
4.564208272472968647e-02
2.887110107523223057e-01
9.631322360854016607e-02
3.458619449019234016e-01
8.962408884673818410e-02
3.189960643587042011e-01
5.605599544730106853e-02
3.825702527268879938e-01
1.251829862642882818e-01
2.607330857857339534e-01
1.009862327915529157e-01
2.706968989868596687e-01
2.883526034059121224e-01
1.118106661953066905e-01
2.018439510239319612e-01
2.567896248329418762e-01
1.288076187109333803e-01
2.503283155162825957e-01
1.982300383013605727e-01
9.111966313430244768e-02
2.602600766027211576e-01
2.110188285061469493e-01
2.231247244320023748e-01
6.189019452123829534e-01
6.935221519465922801e-01
1.157223660616602118e-01
2.657297857297022947e-01
3.872134075792547092e-01
4.140062254106942619e-01
2.758710873550434539e-01
3.940095254667260183e-01
2.618567765466895403e-01
1.858526034059120868e-01
4.786228945893904879e-02
2.110386371545737716e-01
9.128603910153834100e-01
7.448906818884023506e-01
2.254029939556063677e-01
2.464174502780846487e-01
5.721201916620327621e-01
6.852780018797690609e-01
2.791047167406842666e-01
1.711480321793520942e-01
1.241325421858270744e-01
7.442766771804736337e-01
5.802148242639074693e-01
2.983914931321441366e-01
7.394817769347640513e-02
4.014404519250090453e-01
3.456319450571532226e-01
2.074870674197084874e-01
6.935668456133227411e-02
6.611848394913139026e-02
5.340835683207855178e-01
3.901210798189551077e-01
3.044799387799149160e-01
1.035548162621298812e-01
4.274810109075520836e-01
5.922158194783639917e-01
6.153286450011214992e-01
2.588877565337396325e-01
4.879463478508643814e-01
5.026210262901881221e-01
3.467837673636768314e-01
3.002347015132779684e-01
2.770347015132779145e-01
2.058001455141242886e-01
3.041314549860132388e-01
2.940675882561206156e-01
1.679901149040817776e-01
1.436347550420448982e-01
3.879628715154362362e-01
2.963229481181574587e-01
2.368968989868596997e-01
2.743965009010771450e-01
3.552704902263695841e-01
2.061916386462684658e-01
1.148476876223364918e-01
2.252984227290463770e-01
3.352942880448592233e-01
2.981956127441545146e-01
2.520911485751285430e-01
2.505194640914111814e-01
2.643978791291394237e-01
1.574184839491314103e-01
2.966908040181129858e-01
4.135958653158128828e-01
2.346301838154848940e-01
3.061208423194735628e-01
1.966559954473010574e-01
3.366144027937112981e-01
2.264539281052075081e-01
2.167012711705283978e-01
2.210746784393237407e-01
2.950960643587042243e-01
1.084016692563109646e-01
5.312506815779427516e-01
3.741167076352863718e-01
2.556840199353350718e-01
8.443495408493620347e-02
5.322183768915973445e-01
3.034708883121522982e-01
1.878204977624579330e-01
2.572072741539177532e-01
4.909119373658351604e-01
4.045857811770033341e-01
1.812245789178780209e-01
1.839799387799149477e-01
1.317444410950718570e-01
6.168175807200321215e-01
4.104826801638630229e-01
2.214177948351002123e-01
3.652525498771450607e-01
3.577639051864830444e-01
3.569653369433122836e-01
3.863827336926299316e-01
1.706607121879853695e-01
2.729380015693095296e-01
2.638989663289532106e-01
4.030343569562623851e-01
3.118912405604858384e-01
3.268542726622231109e-01
2.927169602069446541e-01
3.992453677085845420e-01
3.654749159388052671e-01
2.612668606854991471e-01
3.384690735417169027e-01
1.450436064669163583e-01
2.741889357189107312e-01
3.369780704807126548e-01
4.097834763354281096e-01
3.090513706919740256e-01
2.177503905496942227e-01
3.658240888467382823e-01
2.669524043630208676e-01
3.197992573572017716e-01
8.614424205218049191e-02
2.968043186549016443e-01
9.231385685536300789e-01
5.004293876439197541e-01
2.738162175641464802e-01
4.289457122656002985e-01
3.159903524035632683e-01
2.903001455141242526e-01
4.273747168959141640e-01
1.536818278146300232e+00
8.533695183963266873e-01
3.843274273593600410e-01
2.279843109635836251e-01
3.744662635568252185e-01
6.004803602501110893e-01
2.393058959258553831e-01
4.250041731407774304e-01
7.304085001079164974e-02
3.823672972278719939e-01
3.937080937098965117e-01
2.855047167406842834e-01
3.049599695451871706e-01
1.698605131450940664e-01
2.705948851735330285e-01
2.377094870101356949e-01
1.361719219831989680e-01
4.726637061435917664e-01
4.180261411166550367e-01
2.660967534727353700e-01
2.886814625221016395e-01
1.116800842940392086e-01
2.546417381677140712e-01
2.964762021815103843e-01
6.481474735072687010e-02
3.100792496658837938e-01
2.418113553093378665e-01
7.528775653373959154e-02
2.417418836818384098e-01
2.731042266695444254e-01
5.130609496874669745e-02
1.999573736753634257e-01
1.906818070791171660e-01
8.287281014012143343e-02
2.558091424531200309e-01
1.166627795300789333e-01
1.876135681655557164e-01
1.798746784393237541e-01
1.304315620435472778e-01
2.587672052425146751e-01
5.218284075016400153e-02
2.639791041517594028e-01
1.195787595947439136e-01
2.795342649709049443e-01
5.061204442336904308e-02
2.932974425867665436e-01
1.231860337486616885e-01
3.915697475835713259e-01
3.317361717266976151e-01
2.894140582366955816e-01
3.911702911834783469e-01
4.302220064324679960e-01
1.556361332701072242e-01
6.075075501099896913e-01
5.173916235740918523e-01
3.729568300754564358e-01
2.804646478292812661e-01
2.216624349730633992e-01
4.710397628109777579e-01
3.979864167622674809e-01
3.401463093942741489e-01
2.735125344945090187e-01
3.591309649148735073e-01
3.507545636904716435e-01
1.943346095279206709e-01
3.764238898038468895e-01
6.244393111964283705e-01
3.155364627549462342e-01
2.769586983746587516e-01
4.025762021815104119e-01
1.419917841603927366e-01
8.249065164389428606e-01
6.214073510670984346e-01
4.089425727958695411e-01
3.370728101401214150e-01
2.840641042293743368e-01
4.448390736969466963e-01
3.057956662729215958e-01
4.680081087820732733e-01
8.277551306747917004e-02
7.252192115197528821e-01
4.584361717266976499e-01
3.417087978961044770e-01
3.352762021815103854e-01
2.774646478292811524e-01
2.389620904160477954e-01
2.151948851735329959e-01
3.744590429316743130e-01
1.193953752446729744e-01
3.806685299418100521e-01
5.436655209140268674e-01
3.669267382453288429e-01
3.759802298081635352e-01
3.129454747661186698e-01
1.579242343608623644e-01
3.635935069454708235e-01
3.549630705583275980e-01
3.565334303427495355e-01
7.174886680750758305e-02
5.293045176977930755e-01
2.686854901487547020e-01
1.981553063332698594e-01
4.313091424531201312e-01
3.154556508902854328e-01
1.758206432765823113e-01
2.184914931321440823e-01
2.063468529941810126e-01
7.965447170511438801e-02
3.711870138909413863e-01
3.358436984522736313e-01
2.953267917740959869e-01
4.323978256003723764e-01
3.199995483854504164e-01
3.359819525932415396e-01
2.528459648372585744e-01
1.333478331364607583e-01
2.719612557878922643e-01
3.148906049752215330e-01
2.304556508902854406e-01
2.601617458590321785e-01
2.712753675533548514e-01
1.800281164733913419e-01
6.698541656046889115e-01
4.356280094158572758e-01
3.081413936106985885e-01
2.530799387799149147e-01
1.672476340935695471e-01
4.332705972839036024e-01
1.780369678982628989e-01
1.649972435438752660e-01
3.981668071567320277e-01
1.884581547747519736e-01
3.285435529381493525e-01
3.164682389135613505e-01
2.564510261349584042e-01
5.705434994093824264e-01
3.339711793404008811e-01
3.027028484414819864e-01
3.019517687777566461e-01
4.200513171632070941e-01
3.525043186549017271e-01
1.854687289847013199e-01
3.019031929984976603e-01
3.009403599396517359e-01
1.975286600732982512e-01
1.732792496658838721e-01
3.607748239534480650e-01
2.407973890579994392e-01
2.285101761241668250e-01
4.485971364863412525e-01
2.048984227290463200e-01
3.485542726622232190e-01
3.517784150377282204e-01
1.309778714378213305e-01
4.465040276266530883e-01
2.072710873550434874e-01
2.371346095279205368e-01
3.608784150377283839e-01
2.470455667514760145e-01
3.122938515024863415e-01
1.452541271480987106e-01
3.018626340159545896e-01
1.311497014356630686e-01
2.383553063332699007e-01
2.607215314335046830e-01
1.781605666738610427e-01
3.469476340935693792e-01
2.205124809657419416e-01
2.315446401379631647e-01
7.762477796076933112e-02
5.204393262686050070e-01
1.404488668075076219e-01
1.589792496658837540e-01
4.087031929984976664e-01
2.320266462599716584e-01
6.726045561543833040e-01
3.641799772365053589e-01
1.946802833369304930e-01
3.538089434102287267e-01
2.864881930761124518e-01
1.860773813666814491e-01
6.299606435870422350e-02
2.733873584479570296e-01
3.903676953136545613e-01
9.831966313430251514e-02
1.973469985083053102e-01
6.143462943220974193e-01
3.155894642466408051e-01
1.857863783056772078e-01
4.128537825910831849e-01
1.692084533390889600e-01
1.244242343608625012e-01
3.507848545634905668e-01
1.497206968053493015e-01
2.165067305540108455e-01
1.594675497995303171e-01
1.751549617762543365e-01
1.843924940099367138e+00
9.871064327658224391e-01
5.590026878551809242e-01
2.460580092606277913e-01
5.005606586592183938e-01
1.758238898038469167e-01
3.796829862642883135e-01
2.894680398706701574e-01
3.268945406165173484e-01
1.520622894589390706e-01
4.013211868764890999e-01
2.684716309549503022e-01
1.704110107523224282e-01
1.646645023151569465e-01
2.674548162621300240e-01
3.442709418409192756e-01
1.172682389135615011e-01
3.914907504893458956e-01
8.307482395344793769e-02
3.175605131450940366e-01
3.566129175081148572e-01
3.473291501444380480e-01
7.319454061651763099e-02
3.006788515801011585e-01
4.495494488640046638e-01
3.911308578573393646e-01
4.258519142918808509e-01
1.536510796637255150e-01
3.879300383013605802e-01
4.872439359517553026e-01
3.843405974391332913e-01
2.694099770812755645e-01
3.662311639577645606e-01
2.143735912395101362e-01
3.422748239534479930e-01
1.780714319120590972e-01
4.889360262125733714e-01
2.229528944341606367e-01
3.845902604182060425e-01
1.984991118430775858e-01
3.380883921190038222e-01
2.115371134123870678e-01
2.785557964044096946e-01
2.726972435438752562e-01
1.262658270144523254e-01
4.372615468161409336e-01
3.309212788618464129e-01
2.442828407501640153e-01
3.251223660616602285e-01
2.186528944341607494e-01
2.963584993317674443e-01
1.507923277602996603e-01
5.124056433541970268e-01
1.694656815003278971e-01
3.217092879672445171e-01
2.780099770812756721e-01
1.684638132011257172e-01
2.930064395257622745e-01
2.588047167406842264e-01
3.092855436775218125e-01
2.320096325242599344e-01
1.098960643587041236e-01
5.444052987971814694e-01
2.351963553869526879e-01
2.660317075576716372e-01
2.445162710929135452e-01
1.889874119767240845e-01
3.686935069454707059e-01
2.358984227290463476e-01
3.152503905496943926e-01
6.815737367536345293e-02
4.632978791291395004e-01
2.461654824574368294e-01
3.698099770812756093e-01
1.953811179650860042e-01
1.852760031386191941e-01
2.729267917740958449e-01
1.595957198016884626e-01
3.789091424531200181e-01
1.455366233412472288e-01
4.852180858633488025e-01
2.822092344384773410e-01
2.887845100064749815e-01
4.170393262686049596e-01
2.983318530717957717e-01
4.344101225953999612e-01
4.724884841043612282e-01
2.327194640914110879e-01
3.127298392584691999e-01
2.679057504117310362e-01
2.627680398706701004e-01
4.366756585816035652e-01
3.626520062772382591e-01
3.640851455917392121e-01
9.516533694331254234e-02
4.722503905496941434e-01
2.319349540849362235e-01
3.480121364087264135e-01
3.553203522483335819e-01
2.402222205475359473e-01
2.941123354516176347e-01
3.373321976288115032e-01
1.770364778271229234e-01
4.588882466048794240e-01
2.425999464712329245e-01
2.571755130674793222e-01
2.719009801422798134e-01
1.723612557878923257e-01
3.250537825910830847e-01
2.683885911618951736e-01
3.339204977624580795e-01
3.669557964044098397e-01
8.299606435870415799e-02
3.303332312998583098e-01
3.366647933434055995e-01
3.678620904160478933e-01
2.063765467385259011e-01
2.113957198016886418e-01
4.030960108299372902e-01
2.343710873550435836e-01
1.815757121103704630e-01
2.891694180987327001e-01
2.605841654494593929e-01
3.619902604182062000e-01
2.303305283725005648e-01
1.479229096615670147e-01
3.146439510239320558e-01
2.735366233412473425e-01
3.043316540289043304e-01
3.800804288510546414e-01
1.524425727958694521e-01
1.888564855184409197e-01
2.051106661953066845e-01
1.845807734080704143e-01
2.523855436775218619e-01
4.748289511015467701e-01
2.972984227290462744e-01
2.171858882345373831e-01
4.663775268808056929e-01
1.338751685104634936e-01
3.957797397370236836e-01
1.948911485751285144e-01
1.246459648372583856e-01
5.925875039620813745e-01
2.848791961371166526e-01
1.129013246992951608e-01
3.655901149040818865e-01
2.812481776934764865e-01
1.417319066005627570e-01
2.845235452468313775e-01
2.420278254451428135e-01
6.318938899590768044e-01
3.831760951239762125e-01
2.793188285061468656e-01
2.844791041517594210e-01
2.915014702134196001e-01
4.619359342272158497e-01
1.935848545634905049e-01
2.795298392584691372e-01
4.697081087820733636e-01
3.490342114421381425e-01
1.770807734080704077e-01
4.198357887130916843e-01
1.941436064669162798e-01
2.048546172192387271e-01
3.103571746324719771e-01
2.583147473507269587e-01
2.149020138133266866e-01
1.105315620435471935e-01
2.141259571459404321e-01
3.443686754559345253e-01
1.987694180987325809e-01
1.151836753783195277e-01
2.338551608191454523e-01
2.539600766027211853e-01
1.826676953136545101e-01
3.365897703470663860e-01
2.306534380340676260e-01
1.548716309549504344e-01
2.612616003449078628e-01
2.900811179650858440e-01
1.107649923862967373e-01
2.815612557878922062e-01
3.306218759905202864e-01
4.641696020694478092e-02
2.855069295969022702e-01
2.267556508902853207e-01
1.284903139469731059e-01
2.020128790515245965e-01
2.822381470834336992e-01
2.569653369433122503e-01
2.684267917740960074e-01
1.941444410950717570e-01
3.156130245656489919e-01
1.441979326579062581e-01
