FramewiseDisplacement
4.610897703470661635e-01
3.233957198016886303e-01
5.218675497995303170e-01
3.525470369648955327e-01
5.492481626212996071e-01
6.104280629446243722e-01
2.579867228626928632e-01
1.859025038844664690e-01
4.085503905496942756e-01
2.517974425867665622e-01
2.595672052425146981e-01
4.837254135460336002e-01
1.824060949687467126e-01
3.106305283725005473e-01
4.899492113645231850e-01
2.162800842940392487e-01
3.518870674197084325e-01
4.061276264022514182e-01
3.335281164733913117e-01
4.272804288510548276e-01
2.575515697348653710e-01
1.847707427980279371e-01
3.393390352403563015e-01
1.767060949687467020e-01
7.073042115973676713e-01
3.683739357965255534e-01
3.348483232076006066e-01
4.392888821901438368e-01
4.241074045958654337e-01
3.531866693339258401e-01
7.935009650701030370e-01
4.150050462255232553e-01
2.038895713041748714e-01
4.378074196680420971e-01
4.219380015693095509e-01
6.701493953352377630e-01
6.401849314766711041e-01
5.974374044406356443e-01
2.821746784393236451e-01
4.154106126665396692e-01
3.591932008450453573e-01
6.294992573572018024e-01
2.489091424531200136e-01
4.609477796076937861e-01
3.437392192110708677e-01
5.777418836818383197e-01
2.652979326579064101e-01
5.291846019918321486e-01
5.965142957361773135e-01
2.129892802759262849e-01
4.388877030049726513e-01
3.297330322569669292e-01
3.610221670187688803e-01
5.665671901703380753e-01
4.682355896702004583e-01
1.569753675533549220e-01
4.175116463375865283e-01
5.563971364863413704e-01
4.794172896917836546e-01
6.531935069454707365e-01
4.486438974951649228e-01
4.699770368096659046e-01
4.341660645139339136e-01
5.360184304203643446e-01
6.037068760681351121e-01
3.112019067557926233e-01
4.917201532054423785e-01
3.335881010907551514e-01
2.312257581030491282e-01
3.111948316447660789e-01
5.608155669067056426e-01
5.504470904936626940e-01
6.336034840267461554e-01
4.807990967709008800e-01
4.413342649709049992e-01
1.726573736753634070e-01
1.094622359301720416e-01
4.738048087260416374e-01
5.034366617978375258e-01
4.241274808881271285e-01
4.276463093942741711e-01
2.415650843716541374e-01
4.811827336926300935e-01
4.820927107739055861e-01
4.652388361974650333e-01
5.517403599396516478e-01
3.123681318560274645e-01
4.227138591938043866e-01
4.264349540849362019e-01
4.357138591938042871e-01
4.257324886570600930e-01
4.575164550636281469e-01
3.561175957922089741e-01
6.297248164173596674e-01
3.000618378443894452e-01
4.223890812330349798e-01
3.863649923862967350e-01
2.123335758568738463e-01
4.091299312438266278e-01
3.917589358741404015e-01
4.004008346281555109e-01
4.137906049752216875e-01
5.021906969605789417e-01
3.087321441000444588e-01
4.211355896702003720e-01
8.111823356068473823e-01
3.001343569562623381e-01
3.283249234748936707e-01
3.179330857857339265e-01
5.727361717266975516e-01
3.595583002888762536e-01
4.492437519810406621e-01
6.521204977624580623e-01
2.862992573572018529e-01
2.901028484414820419e-01
3.441038821125289027e-01
3.711935069454707636e-01
4.063621824014050365e-01
3.582488668075075600e-01
3.099507351067097849e-01
2.870245789178780815e-01
1.627515697348653201e-01
4.491310184436403952e-01
4.659715774261833920e-01
3.242149313214414130e-01
3.160269372882202887e-01
5.087010185988700695e-01
4.031228026040331036e-01
5.366746633671470867e-01
6.351443189653611654e-01
1.743233462039399939e-01
1.746560339038913667e-01
4.409399083251020479e-01
2.322953217159060002e-01
5.289179252770478401e-01
4.254410875102731526e-01
4.054398698685118263e-01
1.387755130674792337e-01
1.314626340159546769e-01
5.158720139685563089e-01
4.147640507006073451e-01
4.669762021815104247e-01
1.728200076913180838e-01
4.473116463375864660e-01
3.391947781159990738e-01
5.155152374218667788e-01
3.226204977624579362e-01
1.473542726622230903e-01
4.934752604958209665e-01
4.696583922742335604e-01
4.626140047079286277e-01
5.013751149816966235e-01
4.460487597499736556e-01
3.466904059323304144e-01
2.252881930761125029e-01
6.901085453244462098e-01
5.923241273033285070e-01
7.207697325113947562e-01
4.226298777150596098e-01
3.669114472946952143e-01
4.940403983962420864e-01
4.037173047639602830e-01
3.146461638801498761e-01
2.003156739642396045e-01
3.995436984522736656e-01
4.404602605734357912e-01
4.458612557878922078e-01
1.431429173528851739e-01
2.466043721836687352e-01
2.601787595947439025e-01
3.129458193231341445e-01
1.881622894589390638e-01
3.998702527268879203e-01
4.350201381332661349e-02
4.500916386462684438e-01
7.442187599052033087e-02
2.484687289847013481e-01
2.106802833369305628e-01
3.295045712265600724e-01
4.208570291183478806e-01
1.314908040181129723e-01
5.222868683768171483e-01
6.252748088812713767e-02
4.107220215046446521e-01
3.564734306532089253e-02
4.435110107523223544e-01
1.799144027937112644e-01
2.362413936106985413e-01
1.917517687777566260e-01
2.977352986419517511e-01
3.220964089157197785e-01
1.024661715714678678e-01
2.283930168743308065e-01
4.849857811770033056e-01
4.687953601724962893e-01
4.492182849062401062e-01
1.166566310325652389e-01
6.691029404268392655e-01
3.446280094158573615e-01
6.130018147704352494e-01
2.090115008234622596e-01
2.777910950463615136e-01
4.827723585255718763e-01
4.851114857512854872e-01
4.077085988532131999e-01
4.071610567450009710e-01
3.774433538952580713e-01
3.340486142358491950e-01
4.969554518473941473e-01
7.079628179866692683e-01
3.111978256003724574e-01
4.831466539512897507e-01
2.732407044966673193e-01
1.482298392584693314e-01
2.964912940892527327e-01
3.908153294072240769e-01
4.733436064669163668e-01
2.616829862642883198e-01
3.627701456693540605e-01
3.809990047855435491e-01
4.955177948351002226e-01
4.849223125328930850e-01
2.577857811770033480e-01
5.419916386462685365e-01
2.266959188445799023e-01
2.470622359301720139e-01
1.895540736193317699e-01
4.480108117094309672e-01
3.407945406165175384e-01
2.107359342272159819e-01
5.532125729510992684e-01
4.734670446562136981e-01
5.377916386462683329e-01
6.372132620651305146e-01
3.639473815219112507e-01
4.948349540849361627e-01
2.605322511575784428e-01
1.048994564000930996e-01
2.880607121879854016e-01
2.300753675533548925e-01
5.016294947014536820e-01
3.591510796637255032e-01
3.646535300194249096e-01
3.380505360638185741e-01
3.795966999439683853e-01
3.486951226730147235e-01
4.848597320457055937e-01
1.770403599396517258e-01
2.025473430653208229e-01
5.077485607070822970e-01
3.728869603621743911e-01
4.758982772149220053e-01
2.414006355852642005e-01
1.613600766027211419e-01
5.160307123432149590e-01
3.979509190774244143e-01
4.433967534727353277e-01
3.145342649709050309e-01
4.766160034490780906e-02
2.688881010907551716e-01
2.803678408277788248e-01
4.589884456477708041e-01
2.519841654494593408e-01
3.753184304203643906e-01
1.992880475619882297e-01
4.568069295969022781e-01
5.247602221168453651e-01
3.193596785169385277e-01
4.588746784393237799e-01
1.819982772149220662e-01
6.326346864411014348e-02
3.831119908946021280e-01
2.808865238198014480e-01
4.651033920413888967e-01
2.734953752446729336e-01
4.196215314335047242e-01
2.032750229963393440e-01
4.686415391248227591e-01
1.999047167406842740e-01
4.842645407717471873e-01
4.210232006898156354e-01
1.147249234748936447e-01
3.731591884457987063e-01
2.018715774261833906e-01
4.361342649709050168e-01
2.187530934770520186e-01
2.956591884457987485e-01
2.259554518473942120e-01
4.244537825910831286e-01
5.004023048415751074e-01
1.894665161284834753e-01
3.953064395257622765e-01
3.348851991205061829e-01
1.333004900711399210e-01
4.515469985083053195e-01
4.583159265358979217e-01
1.861724655831059061e-01
4.432072741539178073e-01
1.757710873550434871e-01
9.961578102177358340e-02
2.330144027937112727e-01
1.617430628670094850e-01
3.337396708256205047e-01
4.053688744988256376e-01
2.846583538176432060e-01
2.617431163957764650e-01
1.923188285061470104e-01
6.523717229403076523e-01
1.522383461263251414e-01
4.620301838154848850e-01
2.519987672860619643e-01
2.990658270144523345e-01
2.547590429316743954e-01
3.449211868764890943e-01
2.981237442897226586e-01
1.856799387799149270e-01
3.597473430653209125e-01
1.705694180987325226e-01
4.064294947014536752e-01
2.631641577581412816e-01
3.917202451907995653e-01
3.235714319120590599e-01
3.859912940892528121e-01
1.573355896702003931e-01
5.471951762017817078e-01
5.622629250442031656e-01
1.720182849062401598e-01
3.922252680319092133e-01
4.082731011683701228e-01
2.661004365423729201e-01
2.808495559215387627e-01
2.315620904160477223e-01
3.765338668851224702e-01
4.126722130114476306e-01
3.824478331364608574e-01
1.856941425307348792e-01
3.309575191894878476e-01
2.031549617762543891e-01
1.953926723173151636e-01
5.898328867428427325e-01
1.256903139469731090e-01
1.288094870101356704e-01
3.106765467385260715e-01
5.902408884673821660e-02
2.568889357189106382e-01
3.174795942228994527e-01
2.445903139469730037e-01
2.089517687777566746e-01
3.906795942228993290e-01
3.016173047639603699e-01
1.428548162621300077e-01
2.375712863979348166e-01
3.522352986419517995e-01
4.052176493209758146e-01
1.225045712265600273e-01
2.486157810217736464e-01
3.445884456477707469e-01
3.481244334037537635e-01
5.378470904936621944e-02
2.819120444233690903e-01
3.348330857857339526e-01
2.214596785169386794e-01
4.569908424747033404e-01
4.258222590041261801e-01
4.696632696012187913e-01
3.481962098728285104e-01
6.106428102953511683e-01
4.109436984522736314e-01
4.734709418409192572e-01
3.887676953136545155e-01
3.172262481741891516e-01
3.626298392584693109e-01
3.992729556542456981e-01
1.670631240870945611e-01
2.914699081698725047e-01
4.820224580470177100e-01
6.043744793964324069e-01
1.695807734080704565e-01
3.223984227290463411e-01
4.656728101401214626e-01
5.805248699461267314e-01
2.274279709592670062e-01
4.237303293296092455e-01
5.974654824574365808e-01
1.475456202802429007e-01
5.569393262686049839e-01
1.957308729295160477e-01
6.606588438887831538e-01
3.422868683768172104e-01
5.195948851735330276e-01
6.152394717827294190e-01
1.460344104850292979e-01
4.132016692563110771e-01
1.728762021815104244e-01
6.649365698124800605e-01
2.111222590041262892e-01
6.322029939556064182e-01
1.757054058547155573e-01
3.246493568786474326e-01
4.341949771588903828e-01
4.198423737529782818e-01
4.357347550420449522e-01
2.882563400043166024e-01
1.671648468721724790e-01
3.686618913731564140e-01
2.247160720500222530e-01
4.784445866091961430e-01
7.107731011683700029e-01
2.731581547747519711e-01
5.184867228626928171e-01
5.638296402155780207e-01
3.760474885794451994e-01
4.414559419185340450e-01
3.407098315671512889e-01
3.896823891356139546e-02
4.793447321233204050e-01
2.997432619099007489e-01
4.047802298081634720e-01
3.081402144255273035e-01
4.660893722612836076e-01
3.650447856520874224e-01
1.896035375555132352e-01
5.360325421858270767e-01
4.166505360638185218e-01
3.615586983746589267e-01
3.574371669411540164e-01
5.720166925631098298e-02
4.519430093382424407e-01
5.014243798749867809e-01
2.640060414399796329e-01
6.560143492649442853e-01
2.305313630006559922e-01
3.908641577581413173e-01
6.717103216382910302e-01
3.254967534727353229e-01
3.759160720500221986e-01
7.399553063332698910e-01
3.885549617762543151e-01
4.643366233412472011e-01
3.306582083035189967e-01
4.110350460702935083e-01
4.553921287174083066e-01
1.463368223841385041e-01
3.128784150377282858e-01
2.927499924639117013e-01
3.065733002112614458e-01
3.019196631343025183e-01
2.875120444233690842e-01
2.186342649709050734e-01
3.824048622548086307e-01
2.305196631343024716e-01
3.808126800086332753e-01
3.934967534727353833e-01
1.604206968053492333e-01
4.952252145031422748e-01
2.253916386462683774e-01
4.692777259236970977e-01
2.220902604182060924e-01
5.801581012459848807e-01
4.120220215046446199e-01
2.962380015693095725e-01
3.383536370769588686e-01
3.733869068334075281e-02
4.608615468161407769e-01
2.052856891916459425e-01
5.845824426643813077e-01
1.273544717051142972e-01
4.135728101401214829e-01
4.802975881008907932e-01
3.002393262686049447e-01
4.701108117094310868e-01
1.477592419745657193e-01
3.353069295969022257e-01
1.945362787842316310e-01
3.979113553093379663e-01
2.767001455141243627e-01
9.244866776461622970e-02
4.648888821901436819e-01
2.942645943005142151e-01
4.336628715154362546e-01
1.112203522483336954e-01
4.232617458590322568e-01
2.359939970166107237e-01
2.292785605518526115e-01
5.007175957922090914e-01
5.022986217719375146e-01
2.022661715714678121e-01
5.426505360638186337e-01
5.458518607631138719e-01
1.813430628670094358e-01
3.445299847725936115e-01
7.010382925975582324e-01
2.427897703470662527e-01
6.151522053201297080e-01
2.726824961931485491e-01
3.814308194007490771e-01
3.977627795300789915e-01
4.138328867428426872e-01
3.145855436775218394e-01
4.621092344384772344e-01
4.936024503556993848e-01
1.420111562664465588e-01
2.809245789178779207e-01
2.591527489200363688e-01
1.419721210260903033e-01
4.700510261349583052e-01
3.612972435438751018e-01
7.041813939211583051e-02
3.918987672860620997e-01
3.444396708256206030e-01
1.163488668075076116e-01
1.989821516361327536e-01
3.538157810217737453e-01
2.209923277602995340e-01
1.278576647036120117e-01
2.651537825910831314e-01
4.745500459926786929e-01
3.147495559215388039e-01
1.622447856520875531e-01
1.052116998663534808e-01
3.840476876223365421e-01
4.084937059883619881e-01
9.334581932313429364e-02
2.710446401379630332e-01
4.031600766027211846e-01
2.647824961931483090e-01
1.192225651045516338e-01
3.841290046303136863e-01
4.625072741539177357e-01
3.769191730631625270e-01
9.554783313646077192e-02
3.283182849062400988e-01
3.925912940892528624e-01
1.578638132011256912e-01
3.539697626557480881e-01
3.526145483078354514e-01
1.842092879672443673e-01
4.920349540849361936e-01
