FramewiseDisplacement
4.049705972839035550e-01
3.305809724509617409e-01
6.844090353955860351e-02
3.652948851735331459e-01
3.499334303427495962e-01
4.146297857297023826e-02
3.519342649709049642e-01
3.552300383013606289e-01
1.259899693899574624e-01
2.117896248329418918e-01
3.434682389135614300e-01
1.725514242207410454e-01
2.296087978961044440e-01
3.732780704807126537e-01
1.135244334037537883e-01
3.454054058547155748e-01
3.512442955809475520e-01
1.538750229963393445e-01
3.440959188445798511e-01
1.048091424531200633e-01
2.494993108859688280e-01
3.940263017029559944e-01
1.499244334037537763e-01
3.347262481741891116e-01
9.142280094158573567e-01
6.319813554645676845e-01
2.792933079025793908e-01
2.380789051088681163e-01
5.561382925975582037e-01
3.797872513904230196e-01
5.479495023927717368e-01
1.645347550420449556e-01
6.408672972278719460e-01
4.914949620867137270e-01
2.699890812330349998e-01
1.815894257900506070e-01
3.589899158611904451e-01
7.968805592930023884e-01
5.464826266350960582e-01
4.431254135460336308e-01
2.397858882345373643e-01
2.759930168743308099e-01
6.158961563440615850e-01
3.170866158051587891e-01
2.123926187885482042e-01
6.999253600172665735e-01
5.136833692778941529e-01
3.293722665402145644e-01
5.171365698124802401e-01
4.075107046518970932e-01
2.176870674197084188e-01
4.287834763354281820e-01
2.389216769476290303e-01
3.677162710929135492e-01
1.489264472170803710e-01
4.919499389351446594e-01
2.705363707695888631e-01
5.013763476956347720e-01
4.493313630006560144e-01
2.849737902824013291e-01
3.208690735417169537e-01
2.796203522483336479e-01
8.479640891571976757e-02
3.083906049752216383e-01
3.921747704246810184e-01
4.265970445009840128e-01
3.453611102737679239e-01
2.387020138133265634e-01
4.626571746324721346e-01
3.099282619875155520e-01
4.933767842380075708e-01
8.817703680966593183e-02
7.486794871653652539e-01
3.255263401595462902e-01
8.717364476827699216e-02
8.117210262901882745e-01
5.026737752102246048e-01
4.442269372882202694e-01
4.771693110411985295e-01
3.485022513128082089e-01
2.631865773485684290e-01
8.267536755335494481e-02
4.326454747661186984e-01
4.871560339038912835e-01
2.682372589265113461e-01
4.125751685104636080e-01
1.277181393921158203e-01
1.697028484414820904e-01
4.492598775598298788e-01
3.770193570338771782e-01
1.725505360638185381e-01
5.324284075016397777e-01
3.455601685880784202e-01
3.565800842940392568e-01
1.501189740202712730e-01
6.211659725285765266e-01
2.172519142918810098e-01
1.280323966717027417e-01
4.965253600172665482e-01
3.977445330804291745e-01
1.857451302091030210e-01
3.198092879672443378e-01
2.283476876223365370e-01
3.907593874886899354e-01
3.352707427980278765e-01
3.791038821125288227e-01
2.268245789178781335e-01
5.861342649709051500e-01
1.604729556542457969e-01
3.345818070791172771e-01
4.835702911834783430e-02
1.701222205475358962e-01
1.575965544298440491e-01
3.434883921190037825e-01
1.482826417072727054e-01
5.011757121103705970e-01
2.732055513688397830e-01
1.167113553093379053e-01
2.997031929984975696e-01
2.140213859193804136e-01
5.364248699461267034e-01
1.511518607631139322e-01
5.119967919293256786e-01
3.275119373658351152e-01
1.296670061996233747e-01
5.541921671739985511e-01
3.523997474283416809e-01
3.571890812330350551e-01
4.215735912395099927e-01
3.568720674973232532e-01
3.769986217719376032e-01
2.016658270144523202e-01
5.959697091269809954e-01
2.840522053201295360e-01
4.481555053761611673e-01
2.314155819788823454e-01
4.881035375555132783e-01
2.093676953136545116e-01
7.342866007329823530e-02
6.153041731407774551e-01
3.277338668851224601e-01
4.603257581030492096e-01
1.951755130674792116e-01
1.865135681655557542e-01
4.542018147704352526e-01
2.489833308213039165e-01
3.870879020478639188e-01
1.672881010907552035e-01
1.622031929984976695e-01
6.081717229403076352e-01
2.617310184436403286e-01
9.764326190990071930e-02
4.632301302867178894e-01
1.784583002888762426e-01
5.393989128001861477e-01
1.207539816339744665e-01
4.747072206251507498e-01
2.576320521146871489e-01
3.081627795300789230e-01
2.153315620435472255e-01
1.239330857857339485e-01
5.439444410950717845e-01
2.952662635568251148e-01
3.631457657943671924e-01
2.636619449019234063e-01
2.033853446346304550e-01
2.836551072903785720e-01
2.952909495322372790e-01
3.252096325242599395e-01
2.323325957145940257e-01
5.036637061435912666e-02
1.867590429316743905e-01
3.119649923862967689e-01
1.953768912955415882e-01
1.604537825910831994e-01
2.710265927312046630e-01
3.123793951800080126e-01
9.631543646475801412e-02
7.486415775814131424e-02
3.596405589825430460e-01
1.676836753783194911e-01
2.812507351067098371e-01
3.169386906833406847e-01
5.816228945893904545e-02
3.945339204138893496e-01
2.502492113645231608e-01
1.338191730631625720e-01
3.578473430653208998e-01
1.890588974175500814e-01
2.631622894589390471e-01
3.728521133347722505e-01
1.716364778271228519e-01
2.023862327915529613e-01
7.349758040957278249e-01
4.880141502220530225e-01
4.034158730071309429e-01
2.094138591938043970e-01
6.920161640353794663e-01
4.492566694891555468e-01
1.057843109635836498e-01
5.388679863419032490e-01
3.383769832808989353e-01
5.179635606294673567e-01
4.733201532054424066e-01
2.923418301530714691e-01
1.975926723173152544e-01
2.111780704807126874e-01
3.513544717051143573e-01
3.953409955249159169e-01
3.310764396809920407e-01
4.545187749773800245e-01
2.521016692563110007e-01
5.899074196680420545e-01
2.698545636904716716e-01
1.132653369433123947e-01
5.514070751110264901e-01
5.152423737529783221e-01
3.309072206251509329e-01
3.569885911618950747e-01
2.504240888467381687e-01
3.511581547747518739e-01
3.493590429316744128e-01
1.835739893252925081e-01
3.654060949687466531e-01
5.542766387238832193e-01
1.884714319120591453e-01
3.658657734856853305e-01
1.811681853847944557e-01
3.992332312998583266e-01
4.218560874326583443e-01
2.140440965380562000e-01
4.860951762017816646e-01
1.025972435438753105e-01
3.442124809657420292e-01
1.283047167406843048e-01
3.983812634792103236e-01
2.888296937443449730e-01
7.836111027376792271e-02
4.338924732744239288e-01
2.964471440224295540e-01
3.706019602845595506e-01
4.729639587152499880e-01
2.184867228626928282e-01
4.650871594050657865e-01
3.130741348394168733e-01
1.770478331364607472e-01
4.110515697348653408e-01
4.399973890579995106e-01
2.684838208924437697e-01
4.060751685104635467e-01
3.137352986419518208e-01
1.075867228626927879e-01
4.742395253114962128e-01
1.257218759905203986e-01
3.721915851175014445e-01
5.401393262686048358e-01
4.628117383229438664e-01
2.126132236085402083e-01
2.305563400043166011e-01
4.326571746324722190e-01
2.173130245656489101e-01
4.507374579694027328e-01
5.538413400819315324e-01
2.713366233412470852e-01
3.644917841603927400e-01
1.332350995990604914e-01
3.717731011683700348e-01
3.389906049752217099e-01
4.158795942228993847e-01
2.527503905496942260e-01
8.779606435870422609e-02
5.329454212373516686e-01
2.421368223841385281e-01
4.041405054537758890e-01
1.736031929984976629e-01
3.513770368096659213e-01
3.092826417072727097e-01
2.181281700021583669e-01
3.947916386462684279e-01
1.884585528605345062e-01
5.804130245656489162e-01
2.770643032722656662e-01
4.694778714378213258e-01
1.437237442897226491e-01
6.970890812330349240e-01
3.992732466824943649e-01
1.589454747661186995e-01
3.434919832032840570e-01
1.872841654494593333e-01
5.212900613753147505e-01
3.164395253114962170e-01
3.947004365423729122e-01
1.902409035395586090e-01
5.826163630782706937e-01
1.410340659280137354e-01
2.059111562664465434e-01
2.396310184436403756e-01
2.489252680319092581e-01
3.164035375555132590e-01
9.866823891356141241e-02
2.177738438111682107e-01
3.900227106186757720e-01
2.849648468721724948e-01
3.773018147704352288e-01
2.748641042293743508e-01
3.384812634792102592e-01
1.700335758568738143e-01
5.052526034059120486e-01
1.930077642250575820e-01
3.104364778271228031e-01
1.835896248329418612e-01
9.090997708127555865e-02
5.333052068118242506e-01
1.773171057210689017e-01
4.055438974951648956e-01
4.604517152489896459e-01
4.137781624660699653e-01
2.458256125889247967e-01
2.995247244320023428e-01
1.973573201465963489e-01
4.580430628670094650e-01
5.113106126665397655e-01
1.728285145591739180e-01
4.155739357965255176e-01
1.393132236085401765e-01
3.115515162060983889e-01
1.682281164733913092e-01
3.142632696012188642e-01
1.956960643587042081e-01
3.613602221168455420e-01
8.209620368872806440e-01
2.504493033498804699e-01
1.191118453804778238e-01
2.729393262686049537e-01
6.840615468161409529e-01
3.642886831472524345e-01
3.670782159948369205e-01
3.392624349730633537e-01
3.381838208924437539e-01
1.075135681655557535e-01
3.299451302091030991e-01
1.591300383013605768e-01
2.379402144255274576e-01
1.603079632679489941e-01
1.956375114981696028e-01
5.060830782496450464e-02
2.688476876223364065e-01
1.108881010907552117e-01
1.232641577581413267e-01
6.906484687217247231e-02
5.251799387799147706e-02
2.351106661953067944e-01
2.603926723173151658e-01
8.123972435438749085e-02
2.849970980297509837e-01
1.953930168743308327e-01
3.391816080362258790e-01
3.969189740202712646e-01
2.224060949687467481e-01
2.779792496658837209e-01
3.384881010907552223e-01
2.850692190558413164e-01
4.087926187885482232e-01
3.553481241647093447e-01
5.105371134123870558e-01
2.793724655831058001e-01
1.251218759905202982e-01
6.227245253891110499e-01
3.546229481181573662e-01
4.028060414399797784e-01
1.899388361974650441e-01
2.637751685104636201e-01
5.369425192671024583e-01
2.457461103513828571e-01
5.546415775814130672e-02
2.570207887907065558e-01
6.686424657383356340e-01
4.815604060875600667e-01
4.412515162060983154e-01
4.548566310325651285e-01
4.754796326794896721e-01
2.405502450355699040e-01
1.505974425867664945e-01
2.172777259236970404e-01
5.008546172192386292e-01
4.710307123432150855e-01
5.735157274930064997e-01
9.222271061867583219e-02
6.111171057210691426e-01
2.391257581030491741e-01
1.009490123216319341e-01
4.007223125328931990e-01
3.426861257340189093e-01
3.893130245656488686e-01
2.088054058547155478e-01
4.938143492649443300e-01
5.293294796292771220e-01
4.603897168182992106e-01
1.294874119767240317e-01
8.206813554645676634e-01
3.361737902824012414e-01
3.338800842940392033e-01
4.570752604958209786e-01
2.502547627333629454e-01
1.558852911058634660e-01
5.349758960810850894e-01
4.219171057210689968e-01
6.350760951239764474e-01
3.687689664841828363e-01
3.922289511015468744e-01
4.860820981073657454e-01
3.695936373874182945e-01
3.580508270920671476e-01
3.738141502220529433e-01
2.732980246432637483e-01
4.681793951800080622e-01
1.069721210260902722e-01
7.174131700797731215e-01
3.269339204138894117e-01
9.560643952576232396e-02
4.843522588488964886e-01
2.549649388575297992e-01
3.803850000776149431e-01
9.745107966372543173e-02
1.267035375555132515e-01
5.737495023927716709e-01
2.797919832032840226e-01
3.933396708256204910e-01
1.858862327915529189e-01
4.320247779607693794e-01
4.118138591938044213e-01
2.649096325242599193e-01
4.316045176977930109e-01
5.558172512351932104e-01
3.793705437551366244e-01
3.869948851735331985e-01
2.730816080362259424e-01
1.165566845613322661e-01
4.370499389351446551e-01
4.019794871653653567e-01
3.742227106186757912e-01
1.557466539512897541e-01
3.105668606854991021e-01
8.562480706359424376e-01
3.478183768915973917e-01
6.179790506229925207e-01
1.386629785729702191e-01
6.258773813666813624e-01
3.554155284501153145e-01
2.575787595947439113e-01
1.442354441560760592e-01
5.258034840267462595e-01
2.462320521146871555e-01
3.330235452468312540e-01
5.170254135460335965e-01
2.076361332701073259e-01
3.342821516361328960e-01
2.008135681655557336e-01
3.289105591377726734e-01
2.925645407717472057e-01
3.282990583143105545e-01
2.909158730071309540e-01
5.589263401595464531e-01
4.130995483854504879e-01
4.442676953136546203e-01
1.666267917740959503e-01
5.301407429532576376e-01
3.928470369648956462e-01
3.170072206251507985e-01
2.496865238198014703e-01
7.025283539728729432e-01
4.045652298857783657e-01
3.421407044966672806e-01
1.482402144255274279e-01
1.973974425867665305e-01
5.313638132011258008e-01
4.242844029489409863e-01
3.204872129338327547e-01
7.186590429316742634e-01
4.461082007674305738e-01
2.891888821901437145e-01
5.892978791291394458e-01
5.302558883897671160e-01
4.207388361974650492e-01
1.762259571459404428e-01
3.349836753783195231e-01
6.748330322569668915e-01
4.593049542401658747e-01
4.971946861306418275e-01
1.054975881008908128e-01
4.629612557878923229e-01
2.976928178314395823e-01
4.601080552533062251e-01
5.161221670187690069e-01
3.498653369433122329e-01
2.365714319120590658e-01
4.146495559215387927e-01
3.196532925199432329e-01
7.102783079801943122e-01
4.718268302306862783e-01
2.359856891916460586e-01
4.093670061996233511e-01
8.263323129985819526e-02
8.210322896141688531e-01
4.327497398922532934e-01
2.371169602069447546e-01
1.795792496658837611e-01
3.882705972839036734e-01
2.699031394697302272e-02
6.323716694115409653e-02
8.523052837250047475e-02
6.678657734856849326e-02
1.489753675533549149e-01
9.085771823237899503e-02
7.275412714809884052e-02
5.094886680750757013e-02
2.129693645699654858e-01
1.389559954473011116e-01
3.191885911618950744e-01
1.741588974175501403e-01
2.712076187109334069e-01
2.463948851735330570e-01
1.404938515024863332e-01
3.257847090493662390e-01
1.820750229963392919e-01
2.269047167406843257e-01
3.813196631343025444e-01
1.560473430653209204e-01
2.504432619099007384e-01
3.587323966717027579e-01
1.785157810217736229e-01
1.287739893252925205e-01
2.722555053761612220e-01
6.401627109291349593e-02
3.124970980297508971e-01
1.318166156499291364e-01
3.216683844276856941e-01
9.608249619314843115e-02
