FramewiseDisplacement
4.058225115757845836e-01
7.388741197672402117e-02
1.906072741539177606e-01
2.367454747661186243e-01
4.307758040957278267e-02
2.109417381677141101e-01
1.725135681655557696e-01
3.367944870877505326e-02
1.828271363311115283e-01
8.184803217935207598e-02
1.776305283725005124e-01
1.760768912955416321e-01
9.608810109075523187e-02
2.002948851735330826e-01
5.023785605518526348e-02
1.765113553093379251e-01
8.515211333477221145e-02
1.456144027937112673e-01
1.824060949687467681e-01
4.484837673636767746e-02
1.244487212933832743e-01
1.634974425867665171e-01
5.518284075016399032e-02
2.089035375555132745e-01
1.467238898038469019e-01
3.944088898814617772e-01
1.588824961931483981e-01
1.023147473507268340e-01
2.125393262686049722e-01
2.158045176977930468e-01
2.144945406165174873e-01
1.365349540849362109e-01
5.613800156930954383e-02
2.406354441560760726e-01
3.907315085147802791e-01
1.728970980297509230e-01
5.584326190990078487e-02
3.631416846389470821e-01
2.259150383789754191e-01
2.058196631343024718e-01
3.274839664065680722e-01
3.229622359301720924e-01
1.113184839491313805e-01
4.289230016469244289e-01
4.189200996766753726e-01
1.131697626557481157e-01
1.174424272817452680e-01
1.640940505453775955e-01
3.466200076913180661e-01
2.610501915068029755e-01
8.471848394913138180e-02
6.964464013796313469e-02
1.355499004785543082e-01
3.053223660616601887e-01
3.089362787842315772e-01
1.149305283725004512e-01
2.387380015693095492e-01
2.499702527268880536e-01
1.037641577581412955e-01
1.021030474843733493e-01
1.778015237421866901e-01
4.034214779047377020e-01
3.553270828023444849e-01
8.321730476396030363e-02
1.618357887130917050e-01
1.240142037508199513e-01
2.322970980297509314e-01
1.205605666738610859e-01
1.432607657167523918e-01
1.246467994654140155e-01
2.812018147704352655e-01
8.654665395128968708e-02
2.081091424531200385e-01
2.591395253114962549e-01
1.230746784393237370e-01
7.533682238413848264e-02
1.538395253114962502e-01
3.486292956585624325e-01
1.220264472170803777e-01
2.487909495322373210e-01
3.211050077689329152e-01
9.169640891571975705e-02
2.827868683768171576e-01
2.440249234748936846e-01
4.592443340375376715e-02
1.195139127225713499e-01
7.521917306316258656e-02
1.634327412287183146e-01
2.531461638801498215e-01
3.536858347057700996e-02
1.904465084371654293e-01
7.855516081914556970e-02
2.307177948351001873e-01
1.249768912955415839e-01
3.093445866091961149e-01
2.990617458590321132e-01
1.271266462599716374e-01
1.604225651045515233e-01
2.463464549083984045e-01
3.464576647036120560e-01
5.899931088596881840e-02
2.500712863979348000e-01
2.661301838154849220e-01
1.346308729295160878e-01
1.281641577581413283e-01
1.057300383013605877e-01
2.966773813666814807e-01
2.931598775598299178e-01
8.419350694547068914e-02
1.572911485751285199e-01
1.128014702134196717e-01
3.192522588488965196e-01
7.906533694331241424e-02
1.644914931321441454e-01
7.295820830351894271e-02
3.048836753783193965e-01
3.233973890579995292e-01
4.974650843716538207e-02
1.258529479629277026e-01
1.400206968053492318e-01
2.522283155162826085e-01
3.065036830696375447e-01
1.094116998663535040e-01
3.549904059323303884e-01
2.903160720500222447e-01
1.064319066005628561e-01
1.635098315671512370e-01
8.562325421858271723e-02
3.645196096055355328e-01
2.612787060659768623e-01
1.953083078249645832e-01
1.420408500107915861e-01
2.238991118430774807e-01
1.028465084371653904e-01
7.568062789394612577e-02
1.037352986419518147e-01
2.339042266695444128e-01
3.130912940892528473e-01
9.002851455917393331e-02
1.240157810217736301e-01
1.627933614313464006e-01
2.015522588488965483e-01
1.503263017029560777e-01
1.084128790515245661e-01
1.106052603405912188e-01
1.846675497995302340e-01
2.401349540849361530e-01
1.394405589825429836e-01
7.608741197672400092e-02
1.965376570122939759e-01
2.819904594610973536e-01
3.608351915844177360e-01
1.581222205475359410e-01
1.968298392584693079e-01
3.273200076913180268e-01
1.352826417072726661e-01
3.115060414399796751e-01
2.855644487863898684e-01
1.628106661953067080e-01
1.215390352403563634e-01
3.299355896702004243e-01
2.863989128001862006e-01
1.258592419745656887e-01
3.066892802759262765e-02
2.383919832032840580e-01
2.100695636128567800e-01
8.951951762017817948e-02
1.154368223841384655e-01
1.231757121103704972e-01
3.967010721276371943e-02
1.569705972839035846e-01
2.288227106186757898e-01
4.353834612632515033e-02
1.555086523819801392e-01
1.487836753783194632e-01
9.400339204138893900e-02
1.337648468721725215e-01
6.362831551628260474e-02
1.473663706143591712e-01
1.081465084371654034e-01
6.737010721276370795e-02
1.934330857857339547e-01
1.418930168743308129e-01
9.168028333693051257e-02
1.241269908169872344e-01
1.225480321793520622e-01
8.276858347057702847e-02
2.623159265358979142e-01
3.923121748653167484e-02
1.835503905496942423e-01
1.345235452468312998e-01
9.853986986851182017e-02
1.165940505453776088e-01
2.378722665402145942e-01
2.400111562664466180e-01
1.629346095279206319e-01
1.085327412287183241e-01
1.515542726622230718e-01
1.390575191894876939e-01
2.363612557878922160e-01
1.293140582366956726e-01
2.713564319896738172e-02
2.379933079025794151e-01
2.815569755895808712e-01
4.949149313214414730e-02
9.936637061435917018e-02
1.353225651045515121e-01
3.875594794740473414e-01
3.146048087260416293e-01
1.185147473507268262e-01
1.142412480965741967e-01
1.658791041517594933e-01
3.007109572235552863e-01
3.006248699461266938e-01
1.445264472170803283e-01
2.266432619099008061e-01
2.599987672860619714e-01
1.822157810217735763e-01
1.643863783056772332e-01
1.818751685104636195e-01
1.584177948351001564e-01
2.877232006898156058e-02
4.226834228066611576e-01
2.352904059323303598e-01
1.866897703470661585e-01
9.950830782496454530e-02
1.923512251778497495e-01
1.858427183099938818e-01
1.458446401379631385e-01
2.284831317784125904e-01
2.886474885794452216e-01
1.636772358525571958e-01
1.091982772149220210e-01
4.985668456133222903e-02
3.483067305540108460e-01
3.044929633455638052e-01
1.783076187109333688e-01
1.453937059883619876e-01
1.967733002112613261e-01
1.779480321793520947e-01
2.154124809657419551e-02
2.314834763354281788e-01
1.177739893252925385e-01
1.581447856520874495e-01
2.751575191894877204e-01
2.961396708256205379e-01
1.202322511575784486e-01
1.705060949687466909e-01
2.897744793964324717e-01
1.932420827247297301e-01
2.739485222504919326e-01
2.048894257900505667e-01
1.381230551756914560e-01
5.412290966156710348e-02
1.875738438111682338e-01
2.442290046303138007e-01
1.801586983746587822e-01
2.040410490536828936e-01
1.311930168743308256e-01
2.347407044966673129e-01
1.311200076913180967e-01
1.231296937443450146e-01
3.416425727958695147e-01
1.335675497995302274e-01
1.947330857857339503e-01
8.335584993317672609e-02
1.252609112308766537e-01
1.365802833369305080e-01
1.943391807544806449e-01
1.690921822461753654e-01
2.425176877775659517e-02
2.489826417072727172e-01
2.459590429316743931e-01
2.279867228626927811e-01
1.389809724509616928e-01
1.389667151713747384e-01
2.321303828583761719e-01
2.256162710929135451e-01
2.176582083035188964e-01
9.750865238198014318e-02
1.880702527268880431e-01
2.678045176977930653e-01
2.105283155162825937e-01
8.361204442336911402e-02
1.216179938779914926e-01
2.444403599396516857e-01
2.097087978961044152e-01
1.832896248329418387e-01
8.779114857512854142e-02
3.828507351067098052e-01
1.962986217719376314e-01
6.282817000215833170e-02
2.079225651045515377e-01
6.465771823237902172e-02
2.273688744988255905e-01
2.449320521146871599e-01
1.718312174865316844e-01
2.073532389911763030e-01
3.113179403492245534e-01
9.226754979953026570e-02
8.960914245312004422e-02
1.019166156499291265e-01
8.660678408277786011e-02
1.907081087820732823e-01
1.954598775598299087e-01
2.926350995990604775e-01
1.499982772149220100e-01
1.909892802759262931e-01
2.257675497995302316e-01
1.250982772149220323e-01
5.344208272472968091e-02
1.310989663289532092e-01
1.824110107523223279e-01
1.561294947014537082e-01
1.857597320457055889e-01
1.026614548307835523e-01
1.750660260573435878e-01
1.734144027937112587e-01
1.229271363311115473e-01
2.314384916404494119e-01
1.308828407501639868e-01
2.058196631343024718e-01
1.399604211597367809e-01
5.668775653373960000e-02
1.064449846949787198e-01
1.994294947014536856e-01
3.301964089157198301e-01
2.214447856520874447e-01
1.827896248329418660e-01
4.537270828023445279e-01
3.574438974951650305e-01
5.596263401595462372e-02
1.127499004785543629e-01
3.014056968829641470e-01
1.997522588488964967e-01
1.278281700021583200e-01
9.670235837034213411e-02
2.126918376891597795e-01
1.063030474843733447e-01
9.762069680534922467e-02
2.131352986419518258e-01
5.626111027376796275e-02
1.515629785729702417e-01
1.153791041517594623e-01
1.001753675533549187e-01
1.242154364647580500e-01
1.195499004785543912e-01
1.626139127225713632e-01
5.533156204354727076e-02
7.427571211037052590e-02
2.681020138133265451e-01
6.431813939211579456e-02
1.172229096615671068e-01
1.615417381677140829e-01
5.393225115757847160e-02
1.898573736753634000e-01
1.636955742875642605e-01
4.884581932313421249e-02
1.590930168743307782e-01
2.237308729295160725e-01
1.787522588488965058e-01
1.845072741539177941e-01
3.194297857297022647e-01
2.114451302091030216e-01
1.705960643587041692e-01
1.650050612976999009e-01
8.827467843932373937e-02
1.730111562664466140e-01
2.544261026600647679e-01
3.281367688553715189e-01
1.584137136796801015e-01
1.236553063332698488e-01
3.495114472946951878e-01
3.102866693339258464e-01
1.441244334037538044e-01
1.318094870101356453e-01
9.052797095926704007e-02
4.076543646475803695e-01
2.324682389135614424e-01
3.090629250442032405e-01
2.527350995990604865e-01
1.689412480965742092e-01
6.989591884457986570e-02
1.468814625221016301e-01
3.549198086484267600e-01
3.035630705583275968e-01
2.381464549083984472e-01
1.248863783056772259e-01
2.751672052425146453e-01
4.359515162060983440e-01
1.687692190558412186e-01
7.388416544945934639e-02
3.599960643587041820e-01
5.703529864195178156e-02
2.079807734080704185e-01
2.021768912955415887e-01
2.591764932097590998e-02
2.825769832808989190e-01
8.358812868636238402e-01
2.827902068894390109e-01
1.206547627333629386e-01
7.760050462255231318e-01
1.863067305540108132e-01
1.001777259236970308e-01
1.717646478292812473e-01
5.874567230179226218e-01
1.745961448070843858e+00
7.572365547403034913e-01
9.231000618410041270e-01
5.390362252554644629e-01
5.575065699677099751e-01
4.440131165510060596e-01
1.452508806208340775e-01
2.657384381116822958e-02
8.939778714378206204e-02
1.723485222504919923e-01
1.370002910282485942e-01
2.253138591938043667e-01
1.841604211597367979e-01
2.434503905496942233e-01
2.224792496658837548e-01
1.102896248329418988e-01
2.665301838154848224e-01
2.627616003449078641e-01
1.322357887130916620e-01
1.434919832032841014e-01
1.103272818452358112e-01
1.855245789178781024e-01
1.699758576244947694e-01
2.519009801422797956e-01
2.681349540849362056e-01
1.850809724509616949e-01
1.378638132011256734e-01
8.990643952576229947e-02
1.985802833369304798e-01
1.617227106186758245e-01
1.389559954473010561e-01
1.383083078249645881e-01
7.762153143350473961e-02
2.571011791851710582e-01
2.738546172192387052e-01
1.794169602069446978e-01
1.032909495322372889e-01
1.627845100064749806e-01
2.033937059883619836e-01
2.764045176977930618e-01
2.086218759905203446e-01
1.322964089157197265e-01
4.658935069454706590e-01
2.037422282388539896e-01
2.324084533390888829e-01
1.289497014356630333e-01
2.076196631343024124e-01
2.513332312998582396e-01
1.628977336150151667e-01
1.998517687777566221e-01
9.659336143134640562e-02
6.557689129554164498e-02
1.647748239534480297e-01
1.858476876223364993e-01
1.738318530717958832e-01
1.471919832032840547e-01
2.338142037508199600e-01
1.370301838154848739e-01
2.482813170079773424e-01
2.873166156499291635e-01
9.809301687433080730e-02
1.182908040181129689e-01
1.335337748997651452e-01
2.743838208924437860e-01
4.102971364863413073e-01
2.928985682431706761e-01
1.221626340159546187e-01
1.723843644923506446e-01
2.860890812330350030e-01
2.357851991205061060e-01
2.004539281052074851e-01
9.656602605734358746e-02
2.519826417072726921e-01
2.322349540849362182e-01
1.384901149040817514e-01
1.559912940892528577e-01
2.627159265358979257e-01
7.925855286053451465e-02
1.470865773485685313e-01
1.008972435438752480e-01
2.160508806208341626e-01
1.155184839491313897e-01
9.376941809873252931e-02
1.973225115757845372e-01
1.874303316680505649e+00
1.257758837128843510e+00
2.961701991981210980e-01
4.070572666178293719e-01
1.793777259236971067e-01
2.383352451131848793e-01
9.196568150032793931e-02
2.334285145591739052e-01
1.841276264022514431e-01
1.167526034059121059e-01
2.047113553093379557e-01
1.751206968053492519e-01
3.248436449235062723e-02
3.269398698685118121e-01
2.753323966717027282e-01
1.223930168743308372e-01
6.215245789178780456e-02
2.796391807544806318e-01
3.896297857297017359e-02
2.153529479629277266e-01
1.154806278939461694e-01
9.066872898470133835e-02
1.935591884457986689e-01
1.633831317784125992e-01
3.947079632679490607e-02
8.688844564777080393e-02
1.332588974175500929e-01
6.089744258676657584e-02
6.802934918732937708e-02
8.143986986851184384e-02
1.126738438111682394e-01
4.744277183876085408e-02
1.550154364647580441e-01
1.841780704807126634e-01
1.125335758568738465e-01
1.122702527268880091e-01
1.764308729295160916e-01
1.155937059883619805e-01
8.752153143350473175e-02
1.967879020478638663e-01
2.016566845613322334e-01
1.493004900711398797e-01
2.019420827247296601e-01
8.396823891356146319e-02
1.096648468721724973e-01
2.456229096615670793e-01
9.963716694115404282e-02
1.068555053761611473e-01
