FramewiseDisplacement
1.421704517697792991e-01
1.124555053761611689e-01
1.946768912955415820e-01
3.521391272257136384e-02
1.295139127225713449e-01
1.275577182323790193e-01
1.668011791851710390e-01
1.892611102737679629e-01
1.263106661953067311e-01
1.725105206811824166e-01
5.414464013796314173e-02
1.695884456477708135e-01
1.350001455141242868e-01
8.649709802975096007e-02
2.281911485751285662e-01
4.980796326794897227e-02
2.182548162621299470e-01
1.151940505453775826e-01
1.406308729295160931e-01
1.397519142918809132e-01
1.964030474843733443e-01
1.646210413623648561e-01
1.826836753783194767e-01
1.164680398706701564e-01
7.466806512783598082e-01
7.564856205907023456e-01
3.087907504893460109e-01
1.713957198016885786e-01
1.280155819788823257e-01
5.822393111964282442e-01
3.643545101617046700e-01
1.986403599396517894e-01
5.695239282604371844e-01
4.345928562880298496e-01
5.292851455917390452e-02
7.721101075232231215e-02
2.955194105626441359e-01
2.271421747100869915e-01
1.764074196680421036e-01
1.462118453804778229e-01
2.121187749773799647e-01
4.047718149256649967e-01
2.012597320457055750e-01
1.256577182323790065e-01
3.744021442552745299e-02
2.783803753222878208e-01
1.977290966156711183e-01
2.580843644923506153e-01
1.699330857857339616e-01
5.788123739082079444e-01
5.093116847941767666e-01
1.162663706143591130e-01
3.524125344945090443e-01
5.189762406381007720e-01
8.153101844364039896e-02
3.317138056650373867e-01
4.164579022030936439e-01
1.170703982410123273e-01
2.045225115757845213e-01
3.092844564777080252e-01
1.468851991205061547e-01
6.349827721492203036e-02
3.917540736193317885e-01
3.263453677085846882e-01
1.657087978961044872e-01
9.437772592369707281e-02
9.140388211252882533e-02
2.341423737529782501e-01
2.227416846389470850e-01
1.529585528605344469e-01
7.469149313214412667e-02
7.947467843932375098e-02
3.671495023927717760e-01
4.098450766803360956e-01
1.267626340159546117e-01
9.202561258892487384e-02
2.906729556542457793e-01
3.721236372321885533e-01
1.953191195343956243e-01
4.071162175641466208e-01
2.895978791291394794e-01
1.228139127225713612e-01
5.591661564992913419e-02
4.644607121879853473e-01
5.529966464152012984e-01
9.165378259108318548e-02
1.182233997327070130e-01
2.586469985083053591e-01
2.917456202802429233e-01
3.653504825350515350e-01
9.035869837465877741e-02
3.114126800086333136e-01
3.335207887907065682e-01
1.209271363311115177e-01
1.005987672860619297e-01
3.398275728734844181e-01
3.107484687217250130e-01
2.043827872213970498e-01
3.695817535503502227e-01
3.266579557318606275e-01
1.319259571459404090e-01
6.707349925415265202e-02
1.275103216382911242e-01
4.082729021254787871e-01
5.266282084587486922e-01
8.714513020910304164e-02
9.984173816771407806e-02
3.498124809657419676e-01
2.454111027376796317e-01
1.294680398706701541e-01
2.026450766803360171e-01
2.440987672860619184e-01
1.570434074240251165e-01
6.611543646475803726e-02
1.503473430653208820e-01
3.085956662729215649e-01
2.869656279715610547e-01
1.211937059883619883e-01
4.657128639793481351e-02
1.001449846949787337e-01
2.711425192671025330e-01
2.826781624660699155e-01
1.473877565337396167e-01
5.802969374434502337e-02
6.955329251994332718e-02
2.930783615089612715e-01
3.124094334813687368e-01
9.201828490624008872e-02
1.976223660616601707e-01
3.708248699461266784e-01
3.231279174305000113e-01
1.155245789178780680e-01
2.274063859969952806e-01
3.272737902824012224e-01
1.401593874886900015e-01
1.137522588488965175e-01
3.596622359301719918e-01
3.627384381116823819e-01
1.444227106186758147e-01
1.272380015693095612e-01
1.124555053761611551e-01
3.244571211037051151e-01
3.983414855960558110e-01
2.012415391248228158e-01
1.737840199353350712e-01
7.335786374650331287e-02
3.291778714378214010e-01
3.755693645699655359e-01
1.900811179650860605e-01
2.411065315111195761e-01
2.608138591938043427e-01
1.724697626557481211e-01
6.780166925631093966e-02
3.633332312998582281e-01
3.603720674973232563e-01
1.637008346281554894e-01
8.255550537616114515e-02
4.629944870877504837e-01
3.952123354516177134e-01
1.277391807544806523e-01
3.978171977064263176e-01
2.568374579694026605e-01
1.961933079025794113e-01
1.105645023151569234e-01
1.100709418409192009e-01
3.024558883897670025e-01
3.953664625997164728e-01
2.828403064108847009e-01
7.207910415175942942e-02
1.307368223841385013e-01
1.751465084371654213e-01
4.910727415391778067e-02
1.898191730631626217e-01
7.164990047855436528e-02
1.616341194567807171e-01
1.027667151713747562e-01
1.619001455141243495e-01
8.757197551196597984e-02
1.533678943565457975e-01
1.976050612976998910e-01
3.507758040957276169e-02
1.528539816339745394e-01
1.383813170079773169e-01
1.055573736753634417e-01
1.417229096615671424e-01
6.003377489976515630e-02
1.568132236085401920e-01
1.314862327915529150e-01
1.309974425867665437e-01
2.117004900711398907e-01
5.361322360854015034e-02
2.179233997327070238e-01
9.414139361069848166e-02
4.971048087260416248e-01
2.736041731407773958e-01
1.975522588488965448e-01
3.381009266135127644e-01
1.599912940892528612e-01
3.238997474283416556e-01
4.404064779823525511e-01
1.041773813666814624e-01
5.296206432765822036e-01
4.504438439663979166e-01
1.995749694675723329e-01
8.780049007113990833e-02
9.029793265790640733e-02
3.094618913731564391e-01
3.028596785169385686e-01
2.025250689890179256e-01
1.046522588488965622e-01
3.686656279715610496e-01
2.644773278379144998e-01
1.499052603405911788e-01
9.650678408277796327e-02
5.167293876439197353e-01
3.955455667514758966e-01
1.273155819788823750e-01
6.616194490192342514e-02
1.047514242207409907e-01
3.054616003449078798e-01
3.024135146367887828e-01
1.331656815003279259e-01
5.337815545074588996e-01
3.886200996766753235e-01
6.094616388014983260e-02
1.017768912955415855e-01
3.841816080362259189e-01
2.079148928648511530e-01
1.615987672860619284e-01
5.421627109291353441e-02
3.627746249105566756e-01
3.076379480405425637e-01
1.799444410950718498e-01
3.214523508342538305e-01
2.352223660616602763e-01
1.677062404828709719e-01
7.773087292951606775e-02
1.306184839491313920e-01
3.055170521923020188e-01
2.427737902824012306e-01
1.803836753783195357e-01
5.606725575684632368e-01
4.185367153266045248e-01
1.155189740202712811e-01
3.489697091269811646e-01
3.649362252554645969e-01
1.804568300754565147e-01
5.243377489976507738e-02
1.344383461263251311e-01
2.408286600732982285e-01
2.281254135460336063e-01
1.752384916404494675e-01
4.935894257900506621e-01
3.223524043630207614e-01
1.254604211597367402e-01
6.655855286053453945e-02
7.621509190774243547e-02
2.665590429316744281e-01
2.792240353179711865e-01
5.276754979953024449e-02
3.475332312998583029e-01
2.386569755895808220e-01
1.583787595947438454e-01
1.244150919077424700e-01
3.171388361974650238e-01
3.013262481741890708e-01
1.866575191894877805e-01
4.245607121879853008e-01
3.178939970166105855e-01
1.593964089157197395e-01
1.608004900711398899e-01
2.576546172192387130e-01
2.660391272257136008e-01
2.269609112308766941e-01
1.088334303427495597e-01
7.007163095495039240e-02
3.681637596723587036e-01
3.238902604182060663e-01
1.911829862642882571e-01
1.209897703470662056e-01
4.831842574348166885e-01
3.693520062772382428e-01
1.813551608191455444e-01
2.423785605518521957e-02
5.563085988532131543e-01
2.698467994654139557e-01
6.623986986851185255e-02
2.276772358525571971e-01
7.841813939211579598e-02
3.363420291959626773e-01
3.487843109635836991e-01
1.090436064669163263e-01
7.688062789394609076e-02
1.373203522483336658e-01
3.180519142918809550e-01
3.421048622548086282e-01
1.944626340159546218e-01
1.631357887130917006e-01
2.913817535503501754e-01
2.710201532054423712e-01
2.194654824574366891e-01
5.628996938995747129e-02
1.204390352403563458e-01
5.032618378443893814e-01
5.241986602285277907e-01
2.177000919853573357e-01
6.011725575684631062e-01
3.129069145247255213e-01
3.218710873550434948e-01
4.028454747661187052e-01
3.032155284501152903e-01
1.157901149040817673e-01
2.668564855184408779e-01
4.008900613753147435e-01
1.955481776934764326e-01
1.113794487087751001e-01
1.678138591938043989e-01
4.255829327355212244e-01
3.208406509679002649e-01
1.355346095279206242e-01
1.067649923862968031e-01
5.901652834145454385e-01
3.010087443673374885e-01
1.455069295969022014e-01
2.669495559215387392e-01
4.053130245656489383e-01
3.347454212373515703e-01
1.606553063332698539e-01
3.683426497090504237e-02
1.929240888467382009e-01
2.258296402155779981e-01
4.918261946454220435e-01
2.161953217159059693e-01
1.336605666738610587e-01
5.570603141022028026e-01
2.833674962707631861e-01
1.607938515024863180e-01
5.265398163397447262e-02
8.798893571891069909e-02
1.935439510239319316e-01
1.270072741539177708e-01
9.914734306532088648e-02
1.771442955809475750e-01
9.048470904936629922e-02
1.289332312998582308e-01
1.441195176201781891e-01
2.080488668075075320e-01
5.901052068118239902e-02
1.559098315671512414e-01
2.323383461263251459e-01
6.474124809657418045e-02
1.349648468721725003e-01
2.552238898038468595e-01
7.484429558094750357e-02
1.888223660616601962e-01
1.947449846949787511e-01
1.554057504117311028e-01
2.041937059883620342e-01
9.098810109075522456e-02
1.118023583703421087e-01
1.439850536063818076e-01
1.217079632679489987e-01
4.847403599396516993e-01
2.222916386462684413e-01
2.051188285061469885e-01
5.271730476396027654e-02
2.903906049752216778e-01
2.149841654494593080e-01
2.282704517697793090e-01
1.624375114981697343e-01
5.207025272688797779e-02
3.554557964044097185e-01
2.173215314335047443e-01
2.171334303427495394e-01
1.880004900711399474e-01
3.104470904936625919e-01
2.666800842940392768e-01
1.451634686441101163e-01
4.347641042293742819e-01
2.458396708256205265e-01
1.955818070791171814e-01
7.615958653158126646e-02
6.373060414399797091e-01
6.396259956025307503e-01
2.368822971502570485e-01
9.115073510670981816e-02
7.479198320328399319e-02
1.996050612976999483e-01
1.641681853847944406e-01
1.472252680319092732e-01
4.441512251778497178e-01
3.053362787842315851e-01
1.343899693899574810e-01
1.124685834705770465e-01
2.884335223281068172e-01
2.661041731407774447e-01
1.975271363311115191e-01
1.759405589825429606e-01
3.521730476396029569e-02
3.385252145031422688e-01
2.583517152489896440e-01
1.399532925199433175e-01
1.735974425867665427e-01
4.364311639577649060e-02
3.228423202242112766e-01
1.938186294632556761e-01
1.001694180987325045e-01
5.865576647036119251e-01
2.948518072343468965e-01
4.311759496098521161e-01
4.719664625997164187e-01
3.156786525372098917e-01
1.867323966717027439e-01
1.004386906833407284e-01
5.440319299849764867e-02
4.729329787281999486e-01
4.008143492649442474e-01
1.405532925199433070e-01
8.817571211037050771e-02
3.256744793964324591e-01
2.624500459926786822e-01
2.352938515024863286e-01
1.092341194567806734e-01
1.068824961931484074e-01
3.914389817115893622e-01
3.291150383789753775e-01
1.608023583703421799e-01
9.919675347273534949e-02
7.226128255227576291e-01
4.288524043630207450e-01
1.349746784393237031e-01
1.964555053761611603e-01
6.372115928088195602e-01
4.111132620651305469e-01
2.434870674197083806e-01
4.193746249105566593e-01
2.713554518473941246e-01
1.020492113645231624e-01
1.491120444233690612e-01
6.384655744427940594e-01
4.255976800862480980e-01
2.070877565337396198e-01
4.067216769476290072e-01
2.026643032722655613e-01
1.452465084371654114e-01
4.231632696012188610e-01
2.527524043630208217e-01
1.612884456477707840e-01
7.078318530717959967e-02
7.495260340591210213e-02
4.002132620651304706e-01
2.965328867428426163e-01
2.178726110972301899e-01
6.372052068118242429e-01
2.848741348394168704e-01
1.115694180987325118e-01
1.263678943565458290e-01
9.642851455917393622e-02
3.952861792627859194e-01
3.783177262341565483e-01
6.418121748653168313e-01
4.092553063332698415e-01
5.604790355508157962e-01
8.329498703342009813e-01
7.275363406252355336e-01
7.884897552748892924e-01
5.084077491528808945e-01
1.772842574348165445e-01
9.473337681398258381e-02
9.703542960466366996e-01
5.076850385342051020e-01
1.444194640914111538e-01
2.159284610304068874e-01
3.982554518473941929e-01
3.778450766803360117e-01
1.186958653158129151e-01
3.150775268808058138e-01
2.676603676309697866e-01
1.154952297305486680e-01
1.440259571459404364e-01
1.701101225953998430e-01
4.129179403492244660e-01
1.898361332701073156e-01
1.697459648372585117e-01
7.216568150032799667e-02
1.496244334037538093e-01
1.693507351067098377e-01
2.527744793964324388e-01
1.813709418409191754e-01
7.297010721276371570e-02
9.012797095926700086e-02
3.494275728734844710e-01
4.350774733520387794e-01
1.084458193231342404e-01
1.733816080362259315e-01
5.472664625997165633e-01
2.445142037508199750e-01
1.437054058547154733e-01
1.817327412287182975e-01
3.536760031386191327e-01
2.740409955249158980e-01
1.302436064669163784e-01
2.407201532054423221e-01
3.124576647036120258e-01
1.393566845613322391e-01
1.346206968053492714e-01
2.035098315671512448e-01
1.130627795300789273e-01
2.281368223841384602e-01
1.124765467385259871e-01
1.145818070791172483e-01
1.104161255787892287e-01
1.152824961931483844e-01
1.898298392584693295e-01
6.852035224833363802e-02
1.973368223841384661e-01
1.099466539512897190e-01
1.990846555205992852e-01
1.412814625221016362e-01
2.037512251778497152e-01
2.127150919077424318e-01
1.095731546971370624e-01
1.231555053761611840e-01
7.833598775598299424e-02
1.878563400043166687e-01
9.365058959258554250e-02
1.161648468721725030e-01
1.612570291183478555e-01
7.891169986635349076e-02
1.508225651045515259e-01
2.031240888467381878e-01
3.991017612416682819e-02
1.950551608191455899e-01
1.651439510239319786e-01
3.838996938995745817e-02
1.574057504117311324e-01
1.521641577581412941e-01
1.667605666738614101e-02
